   0    0    0    0    0    0    0    0    0    0    0    0    0    0    0    0    0    0    0    0    0    0    0    0    0    0    0    0    0    0    0    0    0    0    0    0    0    0    0    0    0    0    0    0    0    0    0    0    0    0    0    0    0    0    0    0    0    0    0    0    0    0    0    0
   0    0    0    0    0    0    0    0    0    0    0    0    0    0    0    0    0    0    0    0    0    0    0    0    0    0    0    0    0    0    0    0    0    0    0    0    0    0    0    0    0    0    0    0    0    0    0    0    0    0    0    0    0    0    0    0    0    0    0    0    0    0    0    0
   0    0    0    0    0    0    0    0    0    0    0    0    0    0    0    0    0    0    0    0    0    0    0    0    0    0    0    0    0    0    0    0    0    0    0    0    0    0    0    0    0    0    0    0    0    0    0    0    0    0    0    0    0    0    0    0    0    0    0    0    0    0    0    0
   0    0    0    0    0    0    0    0    0    0    0    0    0    0    0    0    0    0    0    0    0   15   21    0    0    0    0    0    0    0    0    0    0    0    0    0    0    0    0    0    0    0    0    0    0    0    0    0    0    0    0    0    0    0    0    0    0    0    0    0    0    0    0    0
   0    0    0    0    0    0    0    0    0    0    0    0    0    0    0    0    0    0    0    0   15   15   21    0    0    0    0    0    0   19    0    0    0    0    0    0    0    0    0    0    0    0    7    0    0   16    0    0    0    0   21    7    0    0    0    0    0    0    0    0    0    0    0    0
   0    0    0    0    0    0    0    0    0    0    0    0    0    0    0    0   21    0    0    0   15   21   21   49    0    0   12   20    0    0    0    9   23    0    0    0   24   10    0    0   13    0    0   80    0    7   18   13    7   23   20   14    0    9    0    0    0    0    0    0    0    0    0    0
   0    0    0    0    0    0    0    0   30   30   30    0    0    0    8    0    0    0    0   14    0    0    0    0    0    0    0    0    0    8    0    0   23    0   12    0    0    0    0    0   10   10    0   80    0    7    0   22    0    0    0   15    0   19    0    0    0    0    0    0    0    0    0    0
   0    0    0    0    0    0    0   30    0    0    0    0    0   11    8    8    8    8    0    0   14   14   14    0    0   20   10    0    0    0    0    0    8    7    7   24   24   15    0    0    0   10    0    0   22   13    0   28    0    0   14    0   20    0    0    0    0    0    0    0    0    0    0    0
   0    0    0    0    0    0    0    0   30    0    0    0    0    0    7    7    8    8    8    8    0    0    0   14    0    0    0   10    0    0   22    0   12    0    0   24    0    0   22    0   31    0    0    0   22   13    0   28    0    6   24   20    0    0    7    0    0    0    0    0    0    0    0    0
   0    0    0    0    0    0    0    0    0    0    0    8    0   24    0    0    0    0    0    0    8    8    8   10    0    0    0   20    0    0   10   11   24    8    0   14   10    0   18    0    0    0    0   16    0    0    0    0    0   17    0    0   24    9    9    0    0    0    0    0    0    0    0    0
   0    0    0    0    0    0    0    0    6    0    6    0    0   24   24   24    0    0    0    0    0    8    0    8    0    0    0    0    0   20    0    0    0    8    0   13    0    0    0    0    0   14    0    6    0    0    6    0    0   15    0   22   11    9    9    0    0    0    0    0    0    0    0    0
   0    0    0    0    0    0    0    0    6    0    0    0    0    0    0    0    0    0    0    0    0   13   14    0    0    0    0    0    0    0    0    0    0    0    0    0    0    0   35    0   15   14    0   21   18    0   18   23    0    0    0   22    0    9    9    0    0    0    0    0    0    0    0    0
   0    0    0    0    0    0    0    0    0   22    0    0    0    0    0    0    0    0    0    0    0    0    0    0    0    0    0    0    0    0    0    0    0    0    0    0    0    0    0    0   17   18   18   18    0    9   18   23   35    0    0    0    0    0    0    0    0    0    0    0    0    0    0    0
   0    0    0    0    0    0    0    0    0    0    0    0    0    0    0    0    0    0    0    0    0    0    0    0    0    0    0   24    0    0    0    0    0    0    0    0    0   17    0    0    0    0   18   18    0    0    0    0    0    0   15   17    7    0    0    0    0    0    0    0    0    0    0    0
   0    0    0    0    0    0   24    0    0    0    0    0    0    0    0    0    0    0    0    0    0    0    0    0    0    0    0    0    0    0    0    0    0    0    0    0    0    0    0    0    0    0    0    0    0    0    0   16   16    0   10    0    7    7    0    0    0    0    0    0    0    0    0    0
   0    0    0    0    0   24    0    0    0    0    0    0    0    0    0    0    0    0    0    0    0    0    0    0    0    0    0   17   17   17   17   17    0    0    0    0    0    0    0    0    0   14   14    0    0    0    0   16   16    0    0    7    0   13    0    0    0    0    0    0    0    0    0    0
   0    0    0    0    0    0    0    0    0    0    0    0    0    0    0    0    0    0    0    0    0    0    0    0    0    0   17   17   17   17   17   17   17    0    0    0    0    0    0    0    0    0   14    0    0    0    0    0    0    9    9    0    0   13    0    0    0    0    0    0    0    0    0    0
   0    0    0    0    0    0    0    0    0    0    0    0    0    0    0    0    0    0    0    0    0    0    0    0    0   17   17   17   17   17   17   17   17   17    0    0    0    0    0    0    0    0    0    0    0    0    0   18    0    0    0    0    0    0    0    0    0    0    0    0    0    0    0    0
   0    0    0    0    0    0    0    0    0    0    0    0    0    0    0    0    0    0    0    0    0    0    0    0    0   17   17   17   17   17   17   17   17   17    0    0    0    0    0    0    0    0    0    0    0    0    0    0    0   15    0   13    0    0    0    0    0    0    0    0    0    0    0    0
   0    0    0    0    0    0    0    0    0    0    0    0    0    0    0    0    0    0    0    0    0    0    0    0    0   17   17   17   17   17   17   17   17   17    0    0    0    0    0    0    0    0    0    0    0    0    0    0    0    0    0    0    0    0    0    0    0    0    0    0    0    0    0    0
   0    0    0    0    0    0    0    0    0    0    0    0    0    0    0    0    0    0    0    0    0    0    0    0    0   17   17   17   17   17   17   17   17   17    0    0    0    0    0    0    8    8    0    0    0    0    0    0    0    0    0    0    0    0    0    0    0    0    0    0    0    0    0    0
   0    0    0    0    0    0    0    0    0    0    0    0    0    0    0    0    0    0    0    0    0    0    0    0    0   17   17   17   17   17   17   17   17   17    0    0    0    0    0    0    3    0    0    0    0    0    0    0    0    0    0    0    0    0    0    0    0    0    0    0    0    0    0    0
   0    0    0    0    0    0    0    0    0    0    0    0    0    0    0    0    0    0    0    0    0    0    0    0    0    0   17   17   17   17   17   17   17   17    0   24   14    0    0    0    0    0    0    0    0    0    0    0    0    0    0    0    0    0    0    0    0    0    0    0    0    0    0    0
   0    0    0    0    0    0    0    0    0    0    0    0    0    0    0    0    0    0    0    0    0    0    0    0    0    0   17   17   17   17   17   17   17   17    0   24    0    0    0    0    0    0    0    0    0    0    0    0    0    0    0    0    0    0    0    0    0    0    0    0    0    0    0    0
   0    0    0    0    0    0    0    0    0    0    0    0    0    0    0    0    0    0    0    0    0    0    0    0    0    0    0   17   17   17   17   17   17    0    0    0    0    0    0    9    0    0    0    0    0    0    0    0    0    0    0    0    0    0    0    0    0    0    0    0    0    0    0    0
   0    0    0    0    0    0    0    0    0    0    0    0    0    0    0    0    0    0    0    0    0    0    0    0    0    0    0    0    0    0    0    0    0    0    0    0    0    0    0    0    0    0    0    0    0    0    0    0    0    0    0    0    0    0    0    0    0    0    0    0    0    0    0    0
   0    0    0    0    0    0    0    0    0    0    0    0    0    0    0    0    0    0    0    0    0    0    0    0    0    0    0    0    0    0    0    0    0    0    0    0    0   12    0    0    0    0    0    0    0    0    0    0    0    0    0    0    0    0    0    0    0    0    0    0    0    0    0    0
   0    0    0    0    0    0    0    0    0    0    0    0    0    0    0    0    0    0    0    0    0    0    0    0    0    0    0    0    0    0    0    0    0    0    0    0    0    9    0    0    0    0    0    0    0    0    0    0    0    0    0    0    0    0    0    0    0    0    0    0    0    0    0    0
   0    0    0    0    0    0    0    0    0    0    0    0    0    0    0    0    0    0    0    0    0    0    0    0    0    0    0    0    0    0    0    0    0    0    0    0    0    0    0    0    0    0    0    0    0    0    0    0    0    0    0    0    0    0    0    0    0    0    0    0    0    0    0    0
   0    0    0    0    0    0    0    0    0    0    0    0    0    0    0    0    0    0    0    0    0    0    0    0    0    0    0    0    0    0    0    0    0    0    0   12   12   12   12    0    0    0    0    0    0    0    0    0    0    0    0    0    0    0    0    0    0    0    0    0    0    0    0    0
   0    0    0    0    0    0    0    0    0    0    0    0    0    0    0    0    0    0    0    0    0    0    0    0    0    0    0    0    0    0    0    0    0    0    0    0    0    0    0    0    0    0    0    0    0    0    0    0    0    0    0    0    0    0    0    0    0    0    0    0    0    0    0    0
   0    0    0    0    0    0    0    0    0    0    0    0    0    0    0    0    0    0    0    0    0    0    0    0    0    0    0    0    0    0    0    0    0    0    0    0    0    0    0    0    0    0    0    0    0    0    0    0    0    0    0    0    0    0    0    0    0    0    0    0    0    0    0    0
   0    0    0    0    0    0    0    0    0    0    0    0    0    0    0    0    0    0    0    0    0    0    0    0    7    0    0    0    0    0    0    0    0    0    0    0    0    0    0    0    0    0    0    0    0   18    0    0    0    0    0    0    0    0    0    0    0    0    0    0    0    0    0    0
   0    0    0    0    0    0    0    0    0    0    0    0    0    0    0    0    0    0    0    0    0    0    0   11    0    0    0   28    0    0    0    0    0    0    0    0    0    7    7    3    0    0    0    0    0    0    0    0   18   18    0    0    0    0    0    0    0    0    0    0    0    0    0    0
   0    0    0    0    0    0    0    0    0    0    0    0    0    0    0    0    0    0    0    0    0    0    0    0    0    0   24   28   28    0    0    0    0    0    0    0    8    0    0    0    0    0    7    0   24    7    7    0    0    0    0    0   18    0    0    0    0    0    0    0    0    0    0    0
   0    0    0    0    0    0    0    0    0    0    0    0    0    0    0    0   18   22    0    0    0   24    0    0    0   21   21    0   28    0    0    0    0   15    0    0    0    0    0    0   10    7   24    0   14   12    0   21    0   10    0    0    0    0    0    0   18    0    0    0    0    0    0    0
   0    0    0    0    0    0    0    0    0    0    0    0    0    0    0    0   18    0    0   45    0    0    0    0    7   19    0    8    8    0    0    0    0    0    0    0   13    0    7    0    0   10   14    0   24    0   28   28    7    7    0    0   24    0    0    0    0    0    0   18   18    0    0    0
   0    0    0    0    7    0    0    0    0    0    0    0    0    0    0    0    0    0    0   45    0    0    0   17    7    0    0    8    0    8    0    0    0    0    0    0    0   19    7    0    0    0    0    0    0   17   17   28    7    7    0    0   17   17   17    0    0    0    0    0    0    0    0    0
   0    0    0    7    7    7    7    0    0    0    0    0    0   24   24    0    0    0    0    0    0    0   17    0   21   21    0    0    0    0    0    0    0    0    0    0    0    0    0    0   21   21   21    0    0    0    0    0    0   17    0    0   17   17    0    0    0    0    0    0    0    0    0    0
   0    0    0    7    7    7    7    0    0    0    0    0    0   24   24    0    0    0    0    0   17   21    0   17    0   21    0   42   17   17    0   14    0    0    0    0    0    0    0    0    0    0    0   21    0   14    0    0   14    0    0    0    0   17    0    0    0    0    0    0    0    0    0    0
   0    0    0    7    7    7    7    0    0    0    0    0    0   24   24    0    0    0    0    0   17    0    0   17   22    0   21   42    0   24    0    0    0    0    0    0    0    0    0    0   14   14    0   21    0   14   17   17   14   14   14    0    0    0    0    0    0    0    0    0    0    0    0    0
   0    0    0    0    0    7    7    0    0    0    0    0   18    0    0    0    0    0    0    0    0    0   19    0   22    0   21   21   17   17    0    0    0    0    0    0    0    0    0    0   14   14    0    0    0    0    7   12    0   14   15    0    0   10    0    0    0    0    0    0    0    0    0    0
   0    0    0    0    0    0    0    0    0    0    0   18    0    0    0    0   14   63    0    0    9    9   13    0   18    0    0    0   17   17    0    0   18   18    0    0    0    0    0   21    7    0    0    0    0    0    0    0    0    0   12    0    0    0    0    0    0    0    0    0    0    0    0    0
   0    0    0    0    0   18    0    0    0    0    0    0    0    0    0    0   14    0   18   10    0    0    0    0   18   18    0   21    0    0    0    0   18   18   18    0    0    0    0   21    7    0    0    0    0    0   21    0    0    0    0    6   11    0    0    0    0    0    0    0    0    0    0    0
   0    0    0    0    0    0    0    0   24   24    0    0    0    0    9    0    0    0    0    0    0   13   14    0    0    0   16    7    0    0   14    0   18   18   18    0    0    0    0   28   28    0    0    0    0    0    0    0    0    7    0    0    0    0    0    0    0    0    0    0    0    0    0    0
   0    0    0    0    0    0    0    0    0    0    0    0    0    0    0   15    0    8    0   19   19   11    0   14    0    0    0    0    0    0   14    0   18    0    0    0    0    0    0    0    0    0   17    0    0    0    0    7    0   15   15    0   15    0    0    0    0    0    0    0    0    0    0    0
   0    0    0    0    0    0    0    0    0    0    0    0    0   10   10    7    0    0   19   19   19   24    0    0    0    9   11    7   14    0    0    0   17    0    0   13   13    0    0    0   40    0    0    0    7    0    0    0    0    0    0    0    0    6    0    0    0    0    0    0    0    0    0    0
   0    0    0    0    0    0    0    0    0    0    0    0   10   10   10    0   22    0    0    0   15   24    0   14    0   20   17   16    0    0    0    0   12   18    0    0    0    0    0    0   40    0    6    0   14   14    0    7    7    0   14   11    0    0    0    0    0    0    0    0    0    0    0    0
   0    0    0    0    0    0    0    0    0    0    0   17   10   10   10    0    0    0    0    0    0   24    0    0    0    0    0    0    0    0    0    0    0   10    0    0    0    0    0   40   40    0    0    0   13   13    0   14    0    0   14   14   14    0    0    0    0    0    0    0    0    0    0    0
   0    0    0    0    0    0    0    0    0    0   17    0    0    0    0    0    0    0    0    0   17   17    0    0    0   23    9   17    0    0   19   13   13    0    0    0    0    0    0   40   40    0    0    0    0   11    0    0    0   14   14    0   18    0    0    0    0    0    0    0    0    0    0    0
   0    0    0    0    0    0    0    0    0    0    0    0    0    0    0    0    7  122  122    0    0    0    0    0    0   15    0    7    0    0    0    0    0    0    0    0    0    0    0    0    0    0    0    0    0    0    0    0    0    0   14    0    0    0    0    0    0    0    0    0    0    0    0    0
   0    0    0    0    0    0    0    0    0    0    0   10   10    0    0    0  122   21  122    0   14    0   13    8    0    0   21    0    0   28    0    0    0    0    0    0    0    0    0    0    0    0    0    0   14    8    0    0   11    0    0    0    0    0    0    0    0    0    0    0    0    0    0    0
   0    0    0    0    0    0    0   50    0    0    0   10   10    0    0    0  122   21  122    0    0   11    0    0    0   22   22    0    0   28    0   24    0   10    0   39   39    0    0    0    0    0    0    0    0    0    0    0    0    3    0    0    0   24   24    0    0    0    0    0    0    0    0    0
   0    0    0    0    0    0    0   50   50    0    0    0    0    0    0    0    7    0    0    0    0    0    0   17    0   14    0    7    0    0   18   24    0   10    0    0    0    0    0   21   21    0    0    0    0    0    0    0    0    0    0   11    0    0    0    0    0    0    0    0    0    0    0    0
   0    0    0    0    0    0    0   50   50    0    0    0    0    0    0    0    0    0    0    0    0    0    0    0    0   14    0    0    0    0    0    0   12   12    0   20    0    0    0   21   21    0    0    0    0    0    0    0    0    0    0    0    0   21    0    0    0    0    0    0    0    0    0    0
   0    0    0    0    0    0    0   50   50    0    0    0    0   60   60    0    0    0    0    0   28    0   15    0    0    0    0    0    0    0   16   16    0    0    0    0    0    0    0   21   21    0   17    0    0    0   21   15    0    0    0    0    0   21    0    0    0    0    0    0    0    0    0    0
   0    0    0    0    0    0    0   50   50    0    0    0    0    0   60   60    0    0    0    0   23    0   24    0    0    0   17   17   14   14   10    0    0    0    0    0    0    0    0    0    0    0    0    0    0    0    0   15    0   10   19   19    0    0    0    0    0    0    0    0    0    0    0    0
   0    0    0    0    0    0    0    0    0    0   60   60    0    0    0   60    0    0   14   17   17    0   14   20    0    0    0    0    0    8    8    0    0    0   12   10    0    0    0    0    0    0    0    0    0    0    0   15   10   10   19    0    0    0    0    0    0    0    0    0    0    0    0    0
   0    0    0    0    0    0    0    0    0    0    0   60   12   60   60    0    0   16   16    6   14    0   20    0    0    0    7    0    0    0    8    9   23    0    0   10    0    0    0    0    0    0    0    0   13    0    0   15    0    0   19    0    0    0    0    0    0    0    0    0    0    0    0    0
   0    0    0    0    0    0    0    0    0    0    0    0    0   60   60   60    0    0    0    0    0    0    0    0   10    0   14   14   14   17    0    0    0    0   14   14    0    0    0    0    0    0    0    0   13    0    0    0    0    0   19   17    0    0    0    0    0    0    0    0    0    0    0    0
   0    0    0    0    0    0    0    0    0    0    0    0    0    0    0    0    0    0    0    0    0    0    0    0    0    0    0    0    0    0    0    0    0    0    0    0    0    0    0    0    0    0    0    0   13    0    0    0    0    0    0    0    0    0    0    0    0    0    0    0    0    0    0    0
   0    0    0    0    0    0    0    0    0    0    0    0    0    0    0    0    0    0    0    0    0    0    0    0    0    0    0    0    0    0    0    0    0    0    0    0    0    0    0    0    0    0    0    0    0    0    0    0    0    0    0    0    0    0    0    0    0    0    0    0    0    0    0    0
   0    0    0    0    0    0    0    0    0    0    0    0    0    0    0    0    0    0    0    0    0    0    0    0    0    0    0    0    0    0    0    0    0    0    0    0    0    0    0    0    0    0    0    0    0    0    0    0    0    0    0    0    0    0    0    0    0    0    0    0    0    0    0    0
   0    0    0    0    0    0    0    0    0    0    0    0    0    0    0    0    0    0    0    0    0    0    0    0    0    0    0    0    0    0    0    0    0    0    0    0    0    0    0    0    0    0    0    0    0    0    0    0    0    0    0    0    0    0    0    0    0    0    0    0    0    0    0    0
